0.840 2
1.320 1
1.560 2
1.800 1
2.040 2
2.760 2
3.000 2
3.240 1
3.480 2
3.720 1
3.960 2
4.800 2
5.040 1
5.280 1
5.520 2
5.760 1
6.000 2
6.240 3
6.480 3
6.720 2
6.960 2
7.200 1
7.440 1
7.817 3
8.640 2
8.880 3
9.120 2
9.360 3
9.600 0
10.320 0
10.605 1
10.845 1
11.085 0
11.325 1
11.565 0
13.440 1
13.440 3
13.680 3
13.920 1
16.320 2
16.560 3
16.800 2
17.040 3
17.280 0
18.000 0
18.285 1
18.525 1
18.765 0
19.005 1
19.245 0
20.157 2
20.160 2
20.400 3
20.640 2
20.880 3
21.120 0
21.840 0
22.125 1
22.365 1
22.605 0
22.845 1
23.085 0
23.762 0
24.480 1
24.480 3
25.020 2
25.565 3
26.040 0
26.823 1
27.435 0
27.720 3
27.960 3
28.200 0
28.440 3
28.680 0
28.920 3
30.240 0
30.240 3
30.720 2
31.200 0
31.200 2
31.680 2
32.160 2
32.640 1
32.640 2
33.120 2
33.600 2
34.080 2
34.560 2
34.560 3
35.040 2
35.520 2
36.000 2
36.480 1
36.480 2
36.480 3
36.960 2
37.440 2
37.920 3
38.160 1
38.400 1
39.120 0
39.600 3
39.720 2
39.840 3
40.310 2
40.800 1
40.800 2
41.400 1
41.400 2
42.112 0
42.240 1
42.840 0
42.840 1
43.920 0
43.920 3
44.625 1
44.625 2
45.120 1
45.120 2
45.600 1
45.720 2
45.840 3
46.080 1
46.080 2
47.027 3
47.160 0
47.520 0
48.230 0
48.840 3
48.960 0
49.050 2
49.485 1
49.680 2
50.040 3
50.197 0
50.742 0
50.880 3
51.360 2
51.840 1
53.280 3
53.400 0
53.520 3
53.640 0
53.760 3
53.880 2
54.480 2
55.200 0
55.930 0
56.040 1
56.410 2
56.520 3
57.600 0
58.080 3
58.560 1
59.040 2
59.520 1
59.640 2
59.760 1
59.880 2
60.000 1
60.120 2
60.240 1
60.360 2
60.480 1
60.600 0
60.720 3
60.840 0
60.960 0
61.080 3
61.200 3
61.680 2
62.040 1
62.280 1
62.400 0
62.520 1
63.000 1
63.600 2
63.960 1
64.200 1
64.320 0
64.440 1
64.920 1
65.400 2
65.760 1
66.000 1
66.120 0
66.240 1
66.720 1
67.200 0
67.200 3
67.680 0
67.680 3
68.400 3
68.520 1
68.880 0
68.880 1
69.240 2
69.600 1
69.840 1
69.960 0
70.080 1
70.560 1
71.040 2
71.400 1
71.640 1
71.760 0
71.880 1
72.360 1
72.960 2
73.320 1
73.560 1
73.680 0
73.800 1
74.280 1
74.880 2
75.360 3
75.840 0
76.302 3
76.800 1
76.800 2
77.520 0
77.520 3
78.240 0
78.240 3
78.720 1
78.720 2
79.440 1
79.440 2
80.170 1
80.280 0
80.640 2
80.640 3
81.360 2
81.360 3
82.080 0
82.080 1
82.560 1
82.560 2
83.400 3
84.002 2
84.120 3
84.240 2
84.480 1
85.200 0
85.200 1
85.920 2
85.920 3
86.520 0
86.520 1
87.120 1
87.120 2
87.840 2
88.080 1
88.320 3
89.040 0
89.520 3
90.228 0
90.240 3
90.360 3
90.480 3
90.600 3
90.720 3
90.960 0
91.680 0
91.680 3
91.975 2
92.280 3
92.400 0
92.850 2
93.123 3
96.240 0
99.840 1
99.840 2
100.440 3
100.920 1
100.920 2
101.400 0
101.880 1
101.880 2
102.360 3
102.840 1
102.840 2
103.320 0
103.800 1
103.800 2
104.280 3
104.760 1
104.760 2
105.240 0
105.720 1
105.720 2
106.200 3
106.680 1
106.680 2
107.160 0
107.640 1
107.640 2
108.120 3
108.600 1
108.600 2
109.080 0
109.560 1
109.560 2
110.040 3
110.520 1
110.520 2
111.000 0
111.480 1
111.480 2
111.960 3
112.560 2
112.800 1
114.600 1
114.960 1
115.200 2
115.440 2
115.680 0
115.680 2
115.920 2
116.160 2
116.160 3
116.400 2
116.640 0
116.640 2
116.880 2
117.120 2
117.120 3
117.360 2
117.600 0
117.600 2
117.840 2
118.080 2
118.080 3
118.320 2
118.560 0
118.560 2
118.800 2
119.040 2
119.040 3
119.280 2
119.520 0
119.520 2
119.760 2
120.000 2
120.000 3
120.240 2
120.480 0
120.480 2
120.720 2
120.960 2
120.960 3
121.200 2
121.440 0
121.440 2
121.680 2
121.920 2
121.920 3
122.160 2
122.400 0
122.400 2
122.640 2
122.880 2
122.880 3
123.120 2
123.360 0
123.360 2
123.600 2
123.840 2
123.840 3
124.080 2
124.320 0
124.320 2
124.560 2
124.800 2
124.800 3
125.040 2
125.280 0
125.280 2
125.520 2
125.760 2
125.760 3
126.240 2
126.720 3
127.200 0
127.680 3
128.160 0
129.720 1
129.840 2
129.960 1
130.080 2
130.200 1
130.320 2
130.680 2
131.040 1
131.280 1
131.400 0
131.520 1
132.000 1
132.720 2
133.080 1
133.320 1
133.440 0
133.560 1
134.040 1
134.640 2
135.000 1
135.240 1
135.360 0
135.480 1
135.960 1
136.320 2
136.680 1
136.920 1
137.040 0
137.160 1
137.640 1
138.000 3
138.240 2
138.600 1
138.840 1
138.960 0
139.080 1
139.560 1
139.817 3
140.160 2
140.520 1
140.760 1
140.880 0
141.000 1
141.480 1
142.080 2
142.440 1
142.680 1
142.800 0
142.920 1
143.400 1
143.530 2
144.000 2
144.240 2
145.935 1
145.935 2
146.640 1
146.640 2
147.360 1
147.360 2
147.845 3
148.560 0
149.280 2
149.440 3
149.760 0
150.480 3
151.200 1
151.680 3
152.400 1
153.120 2
153.360 1
153.600 0
154.320 3
155.040 0
155.520 3
156.480 0
156.960 3
157.185 1
157.440 2
158.160 3
158.880 1
159.360 2
159.360 3
159.840 0
159.840 1
160.800 1
160.800 2
161.007 1
161.280 3
161.520 0
165.360 1
168.080 0
168.240 1
168.640 2
169.080 3
169.680 3
170.640 3
170.880 0
171.120 1
171.710 3
172.080 0
172.420 2
173.077 1
173.077 2
176.160 0
176.160 3
176.640 1
176.640 2
177.120 3
178.080 2
179.040 1
180.000 0
180.940 0
181.920 0
182.880 0
183.840 0
184.320 2
184.320 3
184.800 0
185.520 2
185.760 0
185.760 3
186.000 2
186.240 2
186.720 0
187.200 2
187.680 0
187.680 3
188.642 0
188.960 3
189.600 0
189.625 2
190.160 2
190.160 3
190.560 2
191.040 0
191.280 2
191.360 1
191.440 2
191.755 1
192.028 2
192.480 0
192.960 0
192.960 3
193.440 0
193.940 0
194.400 0
194.880 0
194.880 3
195.240 2
195.320 1
195.400 2
195.595 1
195.840 2
196.320 0
196.800 0
196.800 3
197.280 0
197.760 0
198.240 2
198.360 1
198.480 2
198.720 2
198.840 1
198.960 2
199.200 2
199.380 1
199.560 2
199.680 2
199.680 3
200.640 0
200.640 1
201.600 3
201.720 2
202.560 0
202.680 1
203.520 3
204.000 0
204.480 1
204.960 2
205.440 2
205.560 3
205.680 2
205.800 1
205.920 0
206.040 1
206.160 2
206.280 3
206.400 2
206.520 1
206.640 0
206.760 1
207.000 2
207.000 3
207.120 2
207.120 3
207.240 0
207.240 1
207.360 0
207.360 1
211.320 0
211.320 1
211.320 2
211.320 3
211.680 1
211.920 1
212.040 0
212.160 1
212.400 1
212.640 1
212.960 3
213.120 2
213.360 1
213.600 1
213.720 0
213.840 1
214.080 1
214.320 1
214.640 3
214.800 2
215.040 1
215.280 1
215.400 0
215.520 1
215.760 1
216.000 1
216.320 3
216.480 2
216.960 2
217.440 2
217.920 3
218.160 3
218.640 3
218.880 2
219.120 1
219.360 1
219.480 0
219.600 1
219.840 1
220.080 1
220.320 3
220.560 2
220.800 1
221.040 1
221.160 0
221.280 1
221.520 1
221.760 1
222.080 3
222.240 2
222.480 1
222.720 1
222.840 0
222.960 1
223.200 1
223.680 0
223.680 1
224.160 2
224.160 3
224.640 0
224.640 1
225.120 2
225.360 3
225.600 3
225.840 2
226.080 2
226.320 3
226.560 1
226.560 2
227.280 3
227.745 0
228.480 1
229.200 3
229.920 0
230.160 2
230.400 2
231.120 3
231.840 0
232.320 1
233.040 3
233.760 0
234.000 2
234.240 2
234.240 3
234.960 0
234.960 1
235.680 2
235.680 3
236.160 0
236.160 1
236.880 1
237.600 3
237.840 3
238.065 3
238.800 2
239.040 1
239.520 0
240.000 1
240.000 2
240.480 1
240.480 2
241.440 0
241.440 1
241.440 2
241.440 3
241.600 0
241.600 1
241.600 2
241.600 3
246.750 3
247.405 0
248.007 1
248.607 3
249.262 0
249.862 1
249.862 2
250.410 3
251.065 0
251.720 1
252.320 1
252.320 2
253.467 0
254.123 3
254.778 0
254.778 3
255.980 2
256.525 1
256.908 2
257.183 2
257.618 1
257.727 2
258.110 2
258.438 2
258.765 1
258.927 2
259.147 1
259.365 2
259.585 2
259.912 1
260.075 2
260.185 1
260.567 2
260.895 3
261.168 0
261.385 3
261.605 0
262.150 3
262.477 3
262.587 0
262.805 3
263.080 3
263.352 0
270.562 0
270.562 1
270.562 2
270.562 3
271.380 2
271.707 1
271.872 3
272.200 0
272.582 2
272.910 1
273.183 0
273.837 3
274.165 1
274.275 2
274.657 0
275.040 3
275.367 1
275.640 2
276.295 3
276.515 0
276.732 2
276.950 1
277.222 3
277.553 0
278.097 2
278.535 1
278.697 3
279.025 0
279.352 3
279.627 2
279.955 1
280.227 3
280.500 3
281.155 2
281.430 1
281.592 3
282.085 0
282.412 2
283.012 1
283.613 3
283.832 0
284.050 2
284.487 1
284.925 3
286.017 2
286.290 1
286.455 3
286.617 0
287.000 2
287.272 1
287.820 3
288.475 0
288.528 3
288.803 3
289.185 2
289.457 1
289.785 1
290.440 2
291.370 1
291.370 2
291.915 1
291.915 2
292.188 2
292.242 1
292.788 0
292.842 3
293.662 1
293.718 2
294.590 0
294.645 3
294.865 0
294.918 3
295.245 1
295.245 2
296.065 0
296.120 3
297.157 1
297.213 2
297.430 1
297.485 2
297.757 1
297.757 2
298.305 0
298.305 3
298.577 3
298.632 0
299.560 2
299.832 1
300.162 3
301.090 0
302.017 2
302.290 0
302.620 3
303.603 1
304.530 2
305.132 3
305.678 0
306.060 2
306.387 1
306.660 3
306.935 0
307.590 2
308.190 1
309.392 0
309.392 1
309.392 2
309.392 3
